4-bit keycode
-------------------------
Keypad Entry        0     1     2     3     4     5     6     7     8     9     *     #
Binary Data         0000  0001  0010  0011  0100  0101  0110  0111  1000  1001  1010  1011
Decimal Equivalent  0     1     2     3     4     5     6     7     8     9     10    11

8-bit keycode
-------------------------
Keypad Entry        0         1         2         3         4         5         6         7         8         9         *         #
Binary Data         11110000  11100001  11010010  11000011  10110100  10100101  10010110  10000111  01111000  01101001  01011010  01001011
Decimal Equivalent  240       225       210       195       180       165       150       135       120       105       90        75




